426
51
0.00 12.00 19.00 31.00 22.00 17.00 23.00 12.00 24.00 34.00 12.00 21.00 42.00 27.00 36.00 19.00 31.00 28.00 46.00 21.00 27.00 7.00 22.00 29.00 33.00 19.00 8.00 16.00 21.00 33.00 17.00 6.00 43.00 31.00 27.00 31.00 30.00 19.00 43.00 56.00 44.00 45.00 34.00 38.00 42.00 14.00 23.00 12.00 26.00 24.00 14.00
12.00 0.00 15.00 37.00 21.00 28.00 35.00 22.00 16.00 28.00 11.00 25.00 50.00 38.00 35.00 9.00 34.00 36.00 51.00 12.00 15.00 11.00 34.00 41.00 43.00 29.00 19.00 19.00 9.00 24.00 23.00 11.00 39.00 20.00 19.00 24.00 32.00 15.00 35.00 62.00 50.00 48.00 46.00 39.00 40.00 20.00 29.00 25.00 21.00 14.00 21.00
19.00 15.00 0.00 50.00 36.00 35.00 35.00 21.00 31.00 43.00 25.00 38.00 61.00 46.00 51.00 23.00 48.00 47.00 64.00 8.00 24.00 12.00 37.00 46.00 52.00 25.00 27.00 9.00 17.00 37.00 16.00 23.00 54.00 32.00 10.00 12.00 47.00 30.00 49.00 75.00 63.00 62.00 47.00 54.00 56.00 32.00 42.00 28.00 36.00 27.00 33.00
31.00 37.00 50.00 0.00 20.00 21.00 37.00 38.00 33.00 31.00 27.00 13.00 15.00 18.00 19.00 35.00 8.00 8.00 15.00 49.00 45.00 38.00 31.00 29.00 18.00 43.00 24.00 47.00 44.00 38.00 46.00 27.00 31.00 42.00 56.00 61.00 13.00 27.00 41.00 25.00 13.00 16.00 41.00 15.00 25.00 18.00 8.00 29.00 28.00 38.00 17.00
22.00 21.00 36.00 20.00 0.00 25.00 40.00 33.00 12.00 14.00 11.00 9.00 35.00 30.00 15.00 16.00 15.00 23.00 32.00 33.00 25.00 27.00 36.00 39.00 34.00 40.00 21.00 37.00 25.00 18.00 39.00 16.00 21.00 21.00 40.00 45.00 11.00 7.00 24.00 42.00 33.00 28.00 49.00 18.00 20.00 12.00 15.00 29.00 8.00 17.00 14.00
17.00 28.00 35.00 21.00 25.00 0.00 16.00 18.00 34.00 40.00 22.00 18.00 27.00 10.00 34.00 32.00 25.00 15.00 35.00 38.00 41.00 23.00 11.00 14.00 17.00 22.00 9.00 30.00 37.00 42.00 27.00 17.00 45.00 42.00 44.00 47.00 27.00 27.00 50.00 44.00 32.00 37.00 23.00 33.00 41.00 14.00 16.00 9.00 33.00 36.00 11.00
23.00 35.00 35.00 37.00 40.00 16.00 0.00 14.00 46.00 54.00 33.00 34.00 40.00 22.00 51.00 41.00 41.00 30.00 50.00 40.00 50.00 26.00 6.00 14.00 27.00 11.00 20.00 26.00 44.00 55.00 21.00 27.00 60.00 53.00 45.00 46.00 44.00 40.00 64.00 58.00 47.00 53.00 12.00 50.00 57.00 28.00 32.00 11.00 47.00 47.00 26.00
12.00 22.00 21.00 38.00 33.00 18.00 14.00 0.00 36.00 46.00 24.00 30.00 45.00 28.00 46.00 30.00 39.00 32.00 52.00 26.00 37.00 12.00 16.00 25.00 34.00 7.00 14.00 13.00 30.00 44.00 9.00 17.00 54.00 42.00 31.00 33.00 40.00 30.00 55.00 62.00 50.00 53.00 26.00 47.00 53.00 23.00 31.00 9.00 38.00 35.00 22.00
24.00 16.00 31.00 33.00 12.00 34.00 46.00 36.00 0.00 12.00 13.00 21.00 48.00 41.00 23.00 8.00 27.00 35.00 44.00 25.00 13.00 26.00 43.00 48.00 45.00 43.00 27.00 35.00 16.00 8.00 39.00 19.00 24.00 9.00 32.00 38.00 23.00 7.00 19.00 54.00 45.00 39.00 56.00 28.00 26.00 21.00 27.00 35.00 6.00 6.00 23.00
34.00 28.00 43.00 31.00 14.00 40.00 54.00 46.00 12.00 0.00 22.00 23.00 46.00 44.00 16.00 20.00 24.00 36.00 39.00 37.00 24.00 37.00 50.00 53.00 47.00 53.00 34.00 47.00 28.00 9.00 50.00 28.00 12.00 16.00 43.00 49.00 19.00 15.00 10.00 48.00 41.00 32.00 63.00 22.00 16.00 26.00 28.00 43.00 8.00 17.00 28.00
12.00 11.00 25.00 27.00 11.00 22.00 33.00 24.00 13.00 22.00 0.00 14.00 40.00 30.00 26.00 10.00 23.00 26.00 40.00 23.00 20.00 16.00 31.00 36.00 35.00 31.00 14.00 26.00 17.00 21.00 28.00 6.00 31.00 21.00 30.00 35.00 21.00 7.00 31.00 51.00 40.00 37.00 44.00 29.00 31.00 10.00 19.00 22.00 14.00 15.00 12.00
21.00 25.00 38.00 13.00 9.00 18.00 34.00 30.00 21.00 23.00 14.00 0.00 27.00 21.00 17.00 23.00 10.00 14.00 26.00 37.00 33.00 27.00 29.00 30.00 25.00 36.00 16.00 37.00 31.00 27.00 37.00 16.00 27.00 30.00 44.00 49.00 10.00 14.00 33.00 37.00 26.00 24.00 41.00 17.00 23.00 7.00 6.00 24.00 17.00 25.00 8.00
42.00 50.00 61.00 15.00 35.00 27.00 40.00 45.00 48.00 46.00 40.00 27.00 0.00 18.00 32.00 50.00 22.00 14.00 14.00 62.00 59.00 49.00 34.00 27.00 13.00 48.00 34.00 57.00 58.00 53.00 54.00 39.00 44.00 57.00 69.00 73.00 27.00 41.00 55.00 19.00 9.00 22.00 39.00 27.00 37.00 30.00 21.00 36.00 43.00 52.00 29.00
27.00 38.00 46.00 18.00 30.00 10.00 22.00 28.00 41.00 44.00 30.00 21.00 18.00 0.00 35.00 40.00 24.00 10.00 29.00 48.00 50.00 34.00 16.00 11.00 6.00 30.00 19.00 40.00 46.00 48.00 37.00 26.00 47.00 50.00 54.00 58.00 28.00 34.00 54.00 37.00 25.00 33.00 23.00 32.00 42.00 20.00 16.00 18.00 39.00 44.00 18.00
36.00 35.00 51.00 19.00 15.00 34.00 51.00 46.00 23.00 16.00 26.00 17.00 32.00 35.00 0.00 30.00 11.00 25.00 23.00 47.00 37.00 41.00 46.00 46.00 36.00 53.00 33.00 51.00 39.00 25.00 53.00 30.00 12.00 30.00 54.00 59.00 7.00 21.00 23.00 33.00 26.00 16.00 57.00 6.00 7.00 23.00 19.00 41.00 17.00 29.00 25.00
19.00 9.00 23.00 35.00 16.00 32.00 41.00 30.00 8.00 20.00 10.00 23.00 50.00 40.00 30.00 0.00 31.00 36.00 48.00 18.00 10.00 19.00 39.00 45.00 45.00 37.00 23.00 28.00 9.00 15.00 32.00 15.00 32.00 12.00 24.00 30.00 28.00 9.00 27.00 59.00 48.00 44.00 52.00 34.00 34.00 20.00 28.00 30.00 14.00 6.00 22.00
31.00 34.00 48.00 8.00 15.00 25.00 41.00 39.00 27.00 24.00 23.00 10.00 22.00 24.00 11.00 31.00 0.00 14.00 17.00 46.00 40.00 37.00 36.00 35.00 25.00 45.00 25.00 47.00 40.00 31.00 47.00 25.00 23.00 35.00 53.00 58.00 5.00 22.00 33.00 28.00 18.00 14.00 47.00 9.00 18.00 17.00 9.00 32.00 22.00 32.00 17.00
28.00 36.00 47.00 8.00 23.00 15.00 30.00 32.00 35.00 36.00 26.00 14.00 14.00 10.00 25.00 36.00 14.00 0.00 20.00 47.00 46.00 35.00 24.00 21.00 11.00 36.00 20.00 43.00 44.00 41.00 41.00 25.00 37.00 44.00 54.00 58.00 19.00 28.00 46.00 30.00 17.00 23.00 33.00 22.00 32.00 16.00 8.00 23.00 31.00 39.00 15.00
46.00 51.00 64.00 15.00 32.00 35.00 50.00 52.00 44.00 39.00 40.00 26.00 14.00 29.00 23.00 48.00 17.00 20.00 0.00 63.00 57.00 53.00 44.00 39.00 26.00 57.00 39.00 62.00 57.00 47.00 61.00 41.00 33.00 52.00 70.00 75.00 21.00 39.00 46.00 11.00 5.00 9.00 52.00 17.00 26.00 32.00 22.00 44.00 38.00 49.00 32.00
21.00 12.00 8.00 49.00 33.00 38.00 40.00 26.00 25.00 37.00 23.00 37.00 62.00 48.00 47.00 18.00 46.00 47.00 63.00 0.00 17.00 15.00 41.00 49.00 54.00 32.00 29.00 17.00 10.00 31.00 23.00 22.00 49.00 25.00 7.00 13.00 44.00 26.00 43.00 74.00 62.00 60.00 52.00 51.00 51.00 31.00 41.00 32.00 31.00 21.00 32.00
27.00 15.00 24.00 45.00 25.00 41.00 50.00 37.00 13.00 24.00 20.00 33.00 59.00 50.00 37.00 10.00 40.00 46.00 57.00 17.00 0.00 25.00 48.00 55.00 55.00 44.00 33.00 31.00 7.00 16.00 37.00 24.00 36.00 9.00 21.00 27.00 36.00 18.00 27.00 67.00 58.00 52.00 61.00 42.00 39.00 30.00 38.00 39.00 20.00 8.00 32.00
7.00 11.00 12.00 38.00 27.00 23.00 26.00 12.00 26.00 37.00 16.00 27.00 49.00 34.00 41.00 19.00 37.00 35.00 53.00 15.00 25.00 0.00 26.00 34.00 40.00 19.00 15.00 10.00 18.00 34.00 13.00 12.00 47.00 31.00 21.00 24.00 36.00 22.00 45.00 63.00 51.00 51.00 38.00 44.00 47.00 21.00 30.00 17.00 30.00 24.00 21.00
22.00 34.00 37.00 31.00 36.00 11.00 6.00 16.00 43.00 50.00 31.00 29.00 34.00 16.00 46.00 39.00 36.00 24.00 44.00 41.00 48.00 26.00 0.00 9.00 21.00 16.00 17.00 29.00 43.00 52.00 24.00 25.00 56.00 51.00 46.00 49.00 38.00 36.00 60.00 52.00 40.00 47.00 13.00 44.00 52.00 24.00 27.00 9.00 43.00 45.00 22.00
29.00 41.00 46.00 29.00 39.00 14.00 14.00 25.00 48.00 53.00 36.00 30.00 27.00 11.00 46.00 45.00 35.00 21.00 39.00 49.00 55.00 34.00 9.00 0.00 14.00 25.00 22.00 38.00 50.00 56.00 34.00 31.00 57.00 56.00 55.00 58.00 38.00 41.00 63.00 46.00 35.00 44.00 12.00 43.00 52.00 27.00 26.00 17.00 47.00 50.00 25.00
33.00 43.00 52.00 18.00 34.00 17.00 27.00 34.00 45.00 47.00 35.00 25.00 13.00 6.00 36.00 45.00 25.00 11.00 26.00 54.00 55.00 40.00 21.00 14.00 0.00 36.00 25.00 46.00 52.00 52.00 43.00 32.00 48.00 54.00 60.00 64.00 30.00 38.00 57.00 32.00 21.00 31.00 26.00 33.00 43.00 25.00 19.00 25.00 42.00 49.00 23.00
19.00 29.00 25.00 43.00 40.00 22.00 11.00 7.00 43.00 53.00 31.00 36.00 48.00 30.00 53.00 37.00 45.00 36.00 57.00 32.00 44.00 19.00 16.00 25.00 36.00 0.00 20.00 16.00 37.00 51.00 10.00 25.00 61.00 49.00 35.00 36.00 46.00 38.00 62.00 66.00 54.00 58.00 22.00 53.00 59.00 29.00 36.00 13.00 45.00 42.00 28.00
8.00 19.00 27.00 24.00 21.00 9.00 20.00 14.00 27.00 34.00 14.00 16.00 34.00 19.00 33.00 23.00 25.00 20.00 39.00 29.00 33.00 15.00 17.00 22.00 25.00 20.00 0.00 23.00 28.00 35.00 22.00 8.00 41.00 34.00 35.00 39.00 26.00 20.00 44.00 49.00 37.00 39.00 30.00 33.00 39.00 9.00 17.00 9.00 27.00 28.00 8.00
16.00 19.00 9.00 47.00 37.00 30.00 26.00 13.00 35.00 47.00 26.00 37.00 57.00 40.00 51.00 28.00 47.00 43.00 62.00 17.00 31.00 10.00 29.00 38.00 46.00 16.00 23.00 0.00 24.00 43.00 6.00 22.00 57.00 38.00 19.00 20.00 46.00 32.00 54.00 72.00 60.00 61.00 38.00 54.00 57.00 30.00 39.00 22.00 39.00 33.00 30.00
21.00 9.00 17.00 44.00 25.00 37.00 44.00 30.00 16.00 28.00 17.00 31.00 58.00 46.00 39.00 9.00 40.00 44.00 57.00 10.00 7.00 18.00 43.00 50.00 52.00 37.00 28.00 24.00 0.00 21.00 30.00 20.00 40.00 15.00 16.00 22.00 37.00 18.00 33.00 68.00 57.00 53.00 55.00 43.00 42.00 28.00 37.00 34.00 22.00 11.00 29.00
33.00 24.00 37.00 38.00 18.00 42.00 55.00 44.00 8.00 9.00 21.00 27.00 53.00 48.00 25.00 15.00 31.00 41.00 47.00 31.00 16.00 34.00 52.00 56.00 52.00 51.00 35.00 43.00 21.00 0.00 47.00 28.00 21.00 7.00 36.00 42.00 26.00 15.00 12.00 57.00 49.00 41.00 65.00 30.00 25.00 29.00 33.00 43.00 10.00 10.00 31.00
17.00 23.00 16.00 46.00 39.00 27.00 21.00 9.00 39.00 50.00 28.00 37.00 54.00 37.00 53.00 32.00 47.00 41.00 61.00 23.00 37.00 13.00 24.00 34.00 43.00 10.00 22.00 6.00 30.00 47.00 0.00 23.00 60.00 43.00 26.00 26.00 47.00 35.00 58.00 71.00 59.00 61.00 32.00 54.00 59.00 30.00 39.00 18.00 42.00 37.00 30.00
6.00 11.00 23.00 27.00 16.00 17.00 27.00 17.00 19.00 28.00 6.00 16.00 39.00 26.00 30.00 15.00 25.00 25.00 41.00 22.00 24.00 12.00 25.00 31.00 32.00 25.00 8.00 22.00 20.00 28.00 23.00 0.00 37.00 26.00 29.00 34.00 25.00 13.00 37.00 52.00 40.00 40.00 38.00 32.00 36.00 9.00 19.00 16.00 21.00 20.00 10.00
43.00 39.00 54.00 31.00 21.00 45.00 60.00 54.00 24.00 12.00 31.00 27.00 44.00 47.00 12.00 32.00 23.00 37.00 33.00 49.00 36.00 47.00 56.00 57.00 48.00 61.00 41.00 57.00 40.00 21.00 60.00 37.00 0.00 27.00 55.00 61.00 18.00 25.00 14.00 41.00 37.00 25.00 68.00 17.00 7.00 32.00 30.00 50.00 18.00 29.00 34.00
31.00 20.00 32.00 42.00 21.00 42.00 53.00 42.00 9.00 16.00 21.00 30.00 57.00 50.00 30.00 12.00 35.00 44.00 52.00 25.00 9.00 31.00 51.00 56.00 54.00 49.00 34.00 38.00 15.00 7.00 43.00 26.00 27.00 0.00 30.00 36.00 31.00 16.00 18.00 62.00 53.00 46.00 64.00 36.00 32.00 30.00 36.00 42.00 14.00 6.00 32.00
27.00 19.00 10.00 56.00 40.00 44.00 45.00 31.00 32.00 43.00 30.00 44.00 69.00 54.00 54.00 24.00 53.00 54.00 70.00 7.00 21.00 21.00 46.00 55.00 60.00 35.00 35.00 19.00 16.00 36.00 26.00 29.00 55.00 30.00 0.00 6.00 51.00 33.00 48.00 81.00 69.00 67.00 57.00 58.00 58.00 38.00 48.00 38.00 38.00 27.00 39.00
31.00 24.00 12.00 61.00 45.00 47.00 46.00 33.00 38.00 49.00 35.00 49.00 73.00 58.00 59.00 30.00 58.00 58.00 75.00 13.00 27.00 24.00 49.00 58.00 64.00 36.00 39.00 20.00 22.00 42.00 26.00 34.00 61.00 36.00 6.00 0.00 56.00 38.00 54.00 86.00 74.00 72.00 58.00 63.00 64.00 43.00 53.00 40.00 44.00 33.00 44.00
30.00 32.00 47.00 13.00 11.00 27.00 44.00 40.00 23.00 19.00 21.00 10.00 27.00 28.00 7.00 28.00 5.00 19.00 21.00 44.00 36.00 36.00 38.00 38.00 30.00 46.00 26.00 46.00 37.00 26.00 47.00 25.00 18.00 31.00 51.00 56.00 0.00 18.00 28.00 31.00 23.00 16.00 50.00 7.00 14.00 17.00 12.00 34.00 17.00 28.00 18.00
19.00 15.00 30.00 27.00 7.00 27.00 40.00 30.00 7.00 15.00 7.00 14.00 41.00 34.00 21.00 9.00 22.00 28.00 39.00 26.00 18.00 22.00 36.00 41.00 38.00 38.00 20.00 32.00 18.00 15.00 35.00 13.00 25.00 16.00 33.00 38.00 18.00 0.00 24.00 49.00 39.00 35.00 49.00 25.00 26.00 14.00 20.00 28.00 8.00 11.00 16.00
43.00 35.00 49.00 41.00 24.00 50.00 64.00 55.00 19.00 10.00 31.00 33.00 55.00 54.00 23.00 27.00 33.00 46.00 46.00 43.00 27.00 45.00 60.00 63.00 57.00 62.00 44.00 54.00 33.00 12.00 58.00 37.00 14.00 18.00 48.00 54.00 28.00 24.00 0.00 55.00 49.00 38.00 73.00 29.00 21.00 36.00 38.00 52.00 17.00 22.00 38.00
56.00 62.00 75.00 25.00 42.00 44.00 58.00 62.00 54.00 48.00 51.00 37.00 19.00 37.00 33.00 59.00 28.00 30.00 11.00 74.00 67.00 63.00 52.00 46.00 32.00 66.00 49.00 72.00 68.00 57.00 71.00 52.00 41.00 62.00 81.00 86.00 31.00 49.00 55.00 0.00 12.00 16.00 58.00 27.00 34.00 43.00 33.00 53.00 48.00 60.00 42.00
44.00 50.00 63.00 13.00 33.00 32.00 47.00 50.00 45.00 41.00 40.00 26.00 9.00 25.00 26.00 48.00 18.00 17.00 5.00 62.00 58.00 51.00 40.00 35.00 21.00 54.00 37.00 60.00 57.00 49.00 59.00 40.00 37.00 53.00 69.00 74.00 23.00 39.00 49.00 12.00 0.00 13.00 47.00 20.00 30.00 31.00 21.00 41.00 40.00 50.00 30.00
45.00 48.00 62.00 16.00 28.00 37.00 53.00 53.00 39.00 32.00 37.00 24.00 22.00 33.00 16.00 44.00 14.00 23.00 9.00 60.00 52.00 51.00 47.00 44.00 31.00 58.00 39.00 61.00 53.00 41.00 61.00 40.00 25.00 46.00 67.00 72.00 16.00 35.00 38.00 16.00 13.00 0.00 56.00 10.00 18.00 31.00 22.00 45.00 32.00 44.00 31.00
34.00 46.00 47.00 41.00 49.00 23.00 12.00 26.00 56.00 63.00 44.00 41.00 39.00 23.00 57.00 52.00 47.00 33.00 52.00 52.00 61.00 38.00 13.00 12.00 26.00 22.00 30.00 38.00 55.00 65.00 32.00 38.00 68.00 64.00 57.00 58.00 50.00 49.00 73.00 58.00 47.00 56.00 0.00 55.00 64.00 37.00 38.00 22.00 56.00 58.00 35.00
38.00 39.00 54.00 15.00 18.00 33.00 50.00 47.00 28.00 22.00 29.00 17.00 27.00 32.00 6.00 34.00 9.00 22.00 17.00 51.00 42.00 44.00 44.00 43.00 33.00 53.00 33.00 54.00 43.00 30.00 54.00 32.00 17.00 36.00 58.00 63.00 7.00 25.00 29.00 27.00 20.00 10.00 55.00 0.00 10.00 24.00 18.00 40.00 22.00 34.00 25.00
42.00 40.00 56.00 25.00 20.00 41.00 57.00 53.00 26.00 16.00 31.00 23.00 37.00 42.00 7.00 34.00 18.00 32.00 26.00 51.00 39.00 47.00 52.00 52.00 43.00 59.00 39.00 57.00 42.00 25.00 59.00 36.00 7.00 32.00 58.00 64.00 14.00 26.00 21.00 34.00 30.00 18.00 64.00 10.00 0.00 30.00 26.00 47.00 20.00 32.00 31.00
14.00 20.00 32.00 18.00 12.00 14.00 28.00 23.00 21.00 26.00 10.00 7.00 30.00 20.00 23.00 20.00 17.00 16.00 32.00 31.00 30.00 21.00 24.00 27.00 25.00 29.00 9.00 30.00 28.00 29.00 30.00 9.00 32.00 30.00 38.00 43.00 17.00 14.00 36.00 43.00 31.00 31.00 37.00 24.00 30.00 0.00 10.00 17.00 19.00 24.00 2.00
23.00 29.00 42.00 8.00 15.00 16.00 32.00 31.00 27.00 28.00 19.00 6.00 21.00 16.00 19.00 28.00 9.00 8.00 22.00 41.00 38.00 30.00 27.00 26.00 19.00 36.00 17.00 39.00 37.00 33.00 39.00 19.00 30.00 36.00 48.00 53.00 12.00 20.00 38.00 33.00 21.00 22.00 38.00 18.00 26.00 10.00 0.00 23.00 23.00 31.00 9.00
12.00 25.00 28.00 29.00 29.00 9.00 11.00 9.00 35.00 43.00 22.00 24.00 36.00 18.00 41.00 30.00 32.00 23.00 44.00 32.00 39.00 17.00 9.00 17.00 25.00 13.00 9.00 22.00 34.00 43.00 18.00 16.00 50.00 42.00 38.00 40.00 34.00 28.00 52.00 53.00 41.00 45.00 22.00 40.00 47.00 17.00 23.00 0.00 35.00 36.00 16.00
26.00 21.00 36.00 28.00 8.00 33.00 47.00 38.00 6.00 8.00 14.00 17.00 43.00 39.00 17.00 14.00 22.00 31.00 38.00 31.00 20.00 30.00 43.00 47.00 42.00 45.00 27.00 39.00 22.00 10.00 42.00 21.00 18.00 14.00 38.00 44.00 17.00 8.00 17.00 48.00 40.00 32.00 56.00 22.00 20.00 19.00 23.00 35.00 0.00 12.00 22.00
24.00 14.00 27.00 38.00 17.00 36.00 47.00 35.00 6.00 17.00 15.00 25.00 52.00 44.00 29.00 6.00 32.00 39.00 49.00 21.00 8.00 24.00 45.00 50.00 49.00 42.00 28.00 33.00 11.00 10.00 37.00 20.00 29.00 6.00 27.00 33.00 28.00 11.00 22.00 60.00 50.00 44.00 58.00 34.00 32.00 24.00 31.00 36.00 12.00 0.00 26.00
14.00 21.00 33.00 17.00 14.00 11.00 26.00 22.00 23.00 28.00 12.00 8.00 29.00 18.00 25.00 22.00 17.00 15.00 32.00 32.00 32.00 21.00 22.00 25.00 23.00 28.00 8.00 30.00 29.00 31.00 30.00 10.00 34.00 32.00 39.00 44.00 18.00 16.00 38.00 42.00 30.00 31.00 35.00 25.00 31.00 2.00 9.00 16.00 22.00 26.00 0.00
