675
70
0.00 59.00 73.00 55.00 33.00 53.00 64.00 80.00 81.00 36.00 60.00 57.00 15.00 88.00 50.00 9.00 66.00 56.00 68.00 95.00 64.00 26.00 9.00 51.00 105.00 81.00 93.00 84.00 14.00 93.00 20.00 69.00 60.00 65.00 33.00 4.00 21.00 19.00 95.00 90.00 59.00 60.00 66.00 79.00 98.00 99.00 13.00 66.00 91.00 30.00 44.00 42.00 34.00 68.00 95.00 53.00 44.00 21.00 26.00 50.00 88.00 78.00 30.00 55.00 49.00 31.00 61.00 79.00 21.00 20.00
59.00 0.00 19.00 9.00 43.00 22.00 5.00 22.00 52.00 47.00 82.00 52.00 53.00 35.00 23.00 57.00 40.00 12.00 13.00 42.00 52.00 34.00 51.00 20.00 80.00 22.00 58.00 26.00 55.00 44.00 49.00 13.00 62.00 53.00 49.00 61.00 54.00 42.00 75.00 64.00 26.00 17.00 36.00 35.00 73.00 65.00 51.00 80.00 32.00 54.00 66.00 50.00 34.00 72.00 37.00 73.00 23.00 54.00 37.00 55.00 65.00 75.00 31.00 94.00 76.00 29.00 76.00 38.00 47.00 55.00
73.00 19.00 0.00 19.00 49.00 23.00 16.00 12.00 39.00 52.00 82.00 49.00 70.00 16.00 43.00 69.00 31.00 17.00 25.00 23.00 46.00 50.00 65.00 39.00 65.00 19.00 41.00 13.00 72.00 24.00 66.00 6.00 59.00 47.00 68.00 76.00 64.00 58.00 61.00 49.00 21.00 14.00 27.00 18.00 58.00 48.00 63.00 78.00 25.00 60.00 69.00 52.00 42.00 67.00 33.00 74.00 42.00 63.00 54.00 54.00 52.00 68.00 48.00 98.00 79.00 44.00 74.00 21.00 65.00 73.00
55.00 9.00 19.00 0.00 35.00 14.00 12.00 26.00 46.00 39.00 73.00 44.00 50.00 35.00 27.00 51.00 33.00 4.00 22.00 42.00 44.00 31.00 46.00 24.00 74.00 28.00 53.00 29.00 52.00 43.00 47.00 14.00 54.00 45.00 50.00 57.00 48.00 39.00 68.00 57.00 18.00 11.00 29.00 31.00 67.00 60.00 45.00 72.00 38.00 46.00 58.00 41.00 26.00 63.00 44.00 64.00 25.00 47.00 35.00 47.00 59.00 67.00 29.00 86.00 68.00 25.00 67.00 33.00 45.00 53.00
33.00 43.00 49.00 35.00 0.00 26.00 47.00 59.00 48.00 6.00 42.00 25.00 39.00 61.00 48.00 26.00 33.00 34.00 55.00 67.00 31.00 29.00 28.00 47.00 72.00 63.00 61.00 61.00 40.00 64.00 40.00 46.00 30.00 32.00 51.00 37.00 16.00 30.00 62.00 56.00 30.00 34.00 34.00 49.00 65.00 66.00 21.00 43.00 72.00 11.00 25.00 11.00 9.00 40.00 78.00 33.00 42.00 15.00 34.00 20.00 55.00 48.00 31.00 51.00 34.00 26.00 38.00 48.00 40.00 45.00
53.00 22.00 23.00 14.00 26.00 0.00 25.00 33.00 34.00 29.00 61.00 30.00 53.00 36.00 40.00 48.00 20.00 10.00 35.00 42.00 30.00 35.00 46.00 37.00 63.00 38.00 44.00 36.00 55.00 40.00 51.00 21.00 40.00 31.00 57.00 57.00 41.00 42.00 55.00 45.00 6.00 9.00 17.00 26.00 55.00 50.00 42.00 58.00 47.00 37.00 47.00 30.00 20.00 49.00 54.00 52.00 35.00 40.00 40.00 34.00 46.00 53.00 34.00 75.00 57.00 29.00 54.00 26.00 50.00 57.00
64.00 5.00 16.00 12.00 47.00 25.00 0.00 17.00 52.00 51.00 85.00 55.00 58.00 31.00 27.00 62.00 41.00 14.00 11.00 38.00 54.00 39.00 56.00 23.00 79.00 17.00 57.00 21.00 60.00 40.00 54.00 10.00 65.00 55.00 54.00 66.00 59.00 47.00 75.00 63.00 27.00 18.00 37.00 33.00 72.00 63.00 56.00 83.00 27.00 58.00 70.00 53.00 38.00 74.00 32.00 76.00 27.00 58.00 42.00 58.00 65.00 77.00 36.00 98.00 80.00 34.00 79.00 36.00 52.00 60.00
80.00 22.00 12.00 26.00 59.00 33.00 17.00 0.00 49.00 62.00 93.00 60.00 75.00 17.00 43.00 77.00 43.00 25.00 21.00 23.00 57.00 56.00 72.00 40.00 74.00 8.00 50.00 4.00 77.00 28.00 71.00 13.00 70.00 58.00 71.00 83.00 73.00 64.00 71.00 59.00 33.00 25.00 38.00 27.00 67.00 55.00 71.00 89.00 14.00 70.00 80.00 63.00 51.00 79.00 21.00 85.00 44.00 72.00 59.00 66.00 62.00 79.00 53.00 109.00 90.00 50.00 86.00 31.00 69.00 77.00
81.00 52.00 39.00 46.00 48.00 34.00 52.00 49.00 0.00 46.00 58.00 28.00 84.00 37.00 73.00 73.00 16.00 42.00 63.00 39.00 20.00 68.00 75.00 70.00 28.00 57.00 14.00 48.00 86.00 32.00 83.00 43.00 34.00 20.00 91.00 85.00 63.00 73.00 22.00 11.00 28.00 35.00 17.00 23.00 21.00 19.00 68.00 51.00 62.00 54.00 53.00 42.00 48.00 38.00 70.00 53.00 70.00 62.00 74.00 37.00 13.00 33.00 68.00 80.00 60.00 62.00 49.00 18.00 82.00 89.00
36.00 47.00 52.00 39.00 6.00 29.00 51.00 62.00 46.00 0.00 36.00 21.00 44.00 63.00 54.00 28.00 32.00 37.00 60.00 69.00 28.00 35.00 33.00 53.00 69.00 67.00 59.00 64.00 45.00 65.00 45.00 50.00 25.00 28.00 56.00 41.00 17.00 36.00 59.00 54.00 31.00 37.00 34.00 50.00 62.00 64.00 24.00 37.00 75.00 9.00 19.00 6.00 15.00 34.00 82.00 27.00 48.00 16.00 40.00 15.00 51.00 43.00 37.00 47.00 29.00 32.00 32.00 48.00 45.00 50.00
60.00 82.00 82.00 73.00 42.00 61.00 85.00 93.00 58.00 36.00 0.00 33.00 73.00 89.00 90.00 52.00 53.00 71.00 95.00 93.00 39.00 69.00 61.00 89.00 68.00 99.00 71.00 94.00 73.00 87.00 76.00 82.00 25.00 39.00 89.00 64.00 42.00 68.00 57.00 59.00 60.00 69.00 57.00 73.00 63.00 73.00 52.00 9.00 107.00 34.00 18.00 32.00 51.00 21.00 114.00 9.00 84.00 41.00 74.00 27.00 55.00 31.00 72.00 24.00 12.00 68.00 9.00 70.00 77.00 79.00
57.00 52.00 49.00 44.00 25.00 30.00 55.00 60.00 28.00 21.00 33.00 0.00 64.00 55.00 66.00 49.00 19.00 41.00 65.00 60.00 8.00 52.00 53.00 64.00 49.00 67.00 42.00 61.00 65.00 55.00 65.00 50.00 10.00 8.00 75.00 61.00 37.00 55.00 38.00 34.00 28.00 37.00 23.00 40.00 42.00 46.00 45.00 29.00 74.00 28.00 25.00 15.00 30.00 19.00 82.00 26.00 61.00 36.00 58.00 9.00 31.00 25.00 53.00 53.00 33.00 48.00 25.00 37.00 64.00 70.00
15.00 53.00 70.00 50.00 39.00 53.00 58.00 75.00 84.00 44.00 73.00 64.00 0.00 85.00 39.00 21.00 69.00 53.00 60.00 92.00 70.00 19.00 12.00 41.00 111.00 75.00 96.00 79.00 2.00 92.00 6.00 64.00 69.00 71.00 18.00 13.00 31.00 11.00 101.00 94.00 59.00 58.00 68.00 78.00 103.00 102.00 21.00 77.00 84.00 40.00 55.00 50.00 36.00 77.00 87.00 65.00 34.00 32.00 16.00 59.00 93.00 87.00 22.00 69.00 62.00 25.00 72.00 79.00 8.00 6.00
88.00 35.00 16.00 35.00 61.00 36.00 31.00 17.00 37.00 63.00 89.00 55.00 85.00 0.00 58.00 83.00 36.00 32.00 38.00 7.00 50.00 66.00 80.00 54.00 58.00 25.00 34.00 14.00 87.00 10.00 82.00 22.00 64.00 51.00 84.00 91.00 77.00 74.00 57.00 45.00 32.00 28.00 32.00 16.00 52.00 39.00 77.00 83.00 26.00 72.00 78.00 62.00 56.00 72.00 34.00 82.00 58.00 76.00 70.00 63.00 49.00 70.00 64.00 107.00 88.00 60.00 81.00 19.00 80.00 88.00
50.00 23.00 43.00 27.00 48.00 40.00 27.00 43.00 73.00 54.00 90.00 66.00 39.00 58.00 0.00 51.00 59.00 32.00 23.00 65.00 68.00 25.00 42.00 4.00 102.00 40.00 81.00 48.00 41.00 67.00 34.00 36.00 75.00 69.00 29.00 50.00 54.00 31.00 95.00 85.00 45.00 38.00 56.00 58.00 94.00 87.00 46.00 91.00 48.00 57.00 73.00 58.00 39.00 85.00 50.00 81.00 7.00 53.00 24.00 66.00 85.00 91.00 21.00 96.00 82.00 23.00 86.00 60.00 31.00 39.00
9.00 57.00 69.00 51.00 26.00 48.00 62.00 77.00 73.00 28.00 52.00 49.00 21.00 83.00 51.00 0.00 59.00 52.00 67.00 90.00 56.00 26.00 10.00 52.00 97.00 79.00 86.00 81.00 21.00 88.00 25.00 65.00 52.00 57.00 38.00 13.00 12.00 21.00 87.00 82.00 53.00 55.00 59.00 73.00 90.00 92.00 6.00 57.00 88.00 22.00 35.00 34.00 28.00 59.00 93.00 44.00 45.00 13.00 28.00 42.00 80.00 69.00 30.00 49.00 41.00 29.00 52.00 73.00 26.00 27.00
66.00 40.00 31.00 33.00 33.00 20.00 41.00 43.00 16.00 32.00 53.00 19.00 69.00 36.00 59.00 59.00 0.00 28.00 52.00 40.00 14.00 52.00 59.00 56.00 43.00 50.00 28.00 43.00 70.00 35.00 68.00 34.00 28.00 15.00 75.00 69.00 49.00 58.00 36.00 26.00 14.00 23.00 4.00 21.00 36.00 34.00 53.00 47.00 56.00 41.00 44.00 29.00 32.00 36.00 64.00 46.00 55.00 48.00 58.00 27.00 26.00 36.00 52.00 72.00 52.00 47.00 45.00 18.00 67.00 74.00
56.00 12.00 17.00 4.00 34.00 10.00 14.00 25.00 42.00 37.00 71.00 41.00 53.00 32.00 32.00 52.00 28.00 0.00 25.00 39.00 40.00 34.00 48.00 29.00 70.00 29.00 49.00 28.00 55.00 39.00 50.00 13.00 50.00 41.00 53.00 59.00 47.00 42.00 64.00 53.00 14.00 6.00 25.00 27.00 62.00 55.00 46.00 69.00 38.00 45.00 56.00 39.00 26.00 60.00 45.00 62.00 29.00 47.00 38.00 44.00 54.00 63.00 32.00 84.00 66.00 28.00 64.00 29.00 48.00 56.00
68.00 13.00 25.00 22.00 55.00 35.00 11.00 21.00 63.00 60.00 95.00 65.00 60.00 38.00 23.00 67.00 52.00 25.00 0.00 45.00 65.00 42.00 60.00 20.00 90.00 17.00 67.00 26.00 62.00 48.00 55.00 20.00 75.00 66.00 52.00 70.00 66.00 50.00 85.00 74.00 38.00 29.00 48.00 43.00 83.00 73.00 61.00 93.00 25.00 66.00 79.00 63.00 46.00 85.00 28.00 86.00 26.00 65.00 43.00 68.00 76.00 88.00 38.00 106.00 89.00 38.00 89.00 46.00 53.00 61.00
95.00 42.00 23.00 42.00 67.00 42.00 38.00 23.00 39.00 69.00 93.00 60.00 92.00 7.00 65.00 90.00 40.00 39.00 45.00 0.00 54.00 73.00 87.00 61.00 56.00 30.00 33.00 19.00 94.00 7.00 89.00 29.00 68.00 55.00 91.00 98.00 83.00 81.00 57.00 45.00 38.00 35.00 37.00 20.00 51.00 37.00 84.00 87.00 29.00 78.00 84.00 68.00 62.00 75.00 36.00 86.00 65.00 82.00 77.00 68.00 50.00 72.00 71.00 112.00 93.00 67.00 85.00 23.00 88.00 96.00
64.00 52.00 46.00 44.00 31.00 30.00 54.00 57.00 20.00 28.00 39.00 8.00 70.00 50.00 68.00 56.00 14.00 40.00 65.00 54.00 0.00 57.00 60.00 66.00 41.00 64.00 34.00 57.00 71.00 48.00 70.00 47.00 14.00 1.00 80.00 68.00 45.00 60.00 31.00 26.00 26.00 36.00 19.00 35.00 34.00 38.00 52.00 33.00 71.00 35.00 33.00 23.00 34.00 22.00 79.00 33.00 63.00 44.00 62.00 17.00 24.00 23.00 58.00 60.00 41.00 52.00 31.00 31.00 70.00 76.00
26.00 34.00 50.00 31.00 29.00 35.00 39.00 56.00 68.00 35.00 69.00 52.00 19.00 66.00 25.00 26.00 52.00 34.00 42.00 73.00 57.00 0.00 17.00 25.00 96.00 56.00 79.00 60.00 21.00 73.00 16.00 45.00 59.00 57.00 23.00 28.00 30.00 8.00 87.00 78.00 41.00 39.00 51.00 60.00 88.00 85.00 22.00 71.00 66.00 35.00 51.00 40.00 22.00 68.00 70.00 60.00 18.00 29.00 6.00 49.00 78.00 76.00 4.00 72.00 60.00 6.00 66.00 61.00 15.00 22.00
9.00 51.00 65.00 46.00 28.00 46.00 56.00 72.00 75.00 33.00 61.00 53.00 12.00 80.00 42.00 10.00 59.00 48.00 60.00 87.00 60.00 17.00 0.00 43.00 101.00 73.00 87.00 76.00 13.00 86.00 15.00 60.00 57.00 60.00 28.00 11.00 20.00 11.00 91.00 84.00 52.00 52.00 60.00 72.00 93.00 93.00 9.00 65.00 82.00 29.00 44.00 38.00 27.00 66.00 87.00 53.00 36.00 20.00 18.00 47.00 83.00 75.00 22.00 59.00 50.00 22.00 60.00 72.00 16.00 18.00
51.00 20.00 39.00 24.00 47.00 37.00 23.00 40.00 70.00 53.00 89.00 64.00 41.00 54.00 4.00 52.00 56.00 29.00 20.00 61.00 66.00 25.00 43.00 0.00 98.00 36.00 77.00 44.00 43.00 64.00 36.00 33.00 73.00 67.00 32.00 52.00 54.00 32.00 92.00 81.00 42.00 35.00 53.00 55.00 91.00 84.00 47.00 89.00 45.00 56.00 71.00 57.00 38.00 83.00 47.00 80.00 7.00 53.00 25.00 64.00 82.00 88.00 21.00 96.00 81.00 23.00 84.00 57.00 34.00 41.00
105.00 80.00 65.00 74.00 72.00 63.00 79.00 74.00 28.00 69.00 68.00 49.00 111.00 58.00 102.00 97.00 43.00 70.00 90.00 56.00 41.00 96.00 101.00 98.00 0.00 82.00 24.00 71.00 112.00 49.00 110.00 70.00 49.00 41.00 118.00 110.00 86.00 100.00 11.00 17.00 57.00 64.00 45.00 47.00 8.00 19.00 93.00 59.00 84.00 76.00 71.00 64.00 74.00 47.00 92.00 67.00 98.00 85.00 101.00 57.00 18.00 37.00 96.00 92.00 75.00 90.00 60.00 43.00 110.00 116.00
81.00 22.00 19.00 28.00 63.00 38.00 17.00 8.00 57.00 67.00 99.00 67.00 75.00 25.00 40.00 79.00 50.00 29.00 17.00 30.00 64.00 56.00 73.00 36.00 82.00 0.00 58.00 11.00 77.00 35.00 70.00 17.00 77.00 65.00 68.00 83.00 76.00 64.00 79.00 67.00 39.00 30.00 46.00 35.00 75.00 63.00 73.00 96.00 9.00 74.00 85.00 68.00 55.00 85.00 16.00 90.00 42.00 75.00 58.00 72.00 70.00 86.00 53.00 113.00 95.00 51.00 92.00 39.00 68.00 76.00
93.00 58.00 41.00 53.00 61.00 44.00 57.00 50.00 14.00 59.00 71.00 42.00 96.00 34.00 81.00 86.00 28.00 49.00 67.00 33.00 34.00 79.00 87.00 77.00 24.00 58.00 0.00 47.00 98.00 26.00 95.00 47.00 47.00 34.00 101.00 97.00 76.00 85.00 24.00 13.00 38.00 43.00 28.00 24.00 18.00 6.00 81.00 63.00 60.00 68.00 67.00 55.00 60.00 50.00 68.00 66.00 78.00 75.00 84.00 51.00 18.00 44.00 78.00 93.00 74.00 73.00 62.00 21.00 93.00 101.00
84.00 26.00 13.00 29.00 61.00 36.00 21.00 4.00 48.00 64.00 94.00 61.00 79.00 14.00 48.00 81.00 43.00 28.00 26.00 19.00 57.00 60.00 76.00 44.00 71.00 11.00 47.00 0.00 81.00 24.00 75.00 16.00 71.00 58.00 75.00 87.00 76.00 68.00 69.00 57.00 34.00 27.00 39.00 25.00 65.00 53.00 74.00 90.00 14.00 73.00 82.00 65.00 54.00 79.00 22.00 86.00 49.00 75.00 63.00 67.00 61.00 79.00 57.00 110.00 91.00 54.00 87.00 30.00 73.00 81.00
14.00 55.00 72.00 52.00 40.00 55.00 60.00 77.00 86.00 45.00 73.00 65.00 2.00 87.00 41.00 21.00 70.00 55.00 62.00 94.00 71.00 21.00 13.00 43.00 112.00 77.00 98.00 81.00 0.00 94.00 7.00 66.00 70.00 72.00 19.00 12.00 32.00 13.00 103.00 96.00 61.00 60.00 70.00 80.00 104.00 104.00 22.00 78.00 86.00 41.00 56.00 51.00 38.00 78.00 89.00 65.00 36.00 32.00 18.00 60.00 94.00 88.00 24.00 69.00 62.00 27.00 73.00 81.00 9.00 6.00
93.00 44.00 24.00 43.00 64.00 40.00 40.00 28.00 32.00 65.00 87.00 55.00 92.00 10.00 67.00 88.00 35.00 39.00 48.00 7.00 48.00 73.00 86.00 64.00 49.00 35.00 26.00 24.00 94.00 0.00 89.00 31.00 63.00 49.00 92.00 97.00 80.00 81.00 50.00 38.00 35.00 34.00 32.00 15.00 44.00 30.00 82.00 81.00 36.00 74.00 79.00 64.00 60.00 69.00 43.00 81.00 66.00 79.00 77.00 63.00 42.00 65.00 71.00 107.00 88.00 67.00 79.00 17.00 88.00 96.00
20.00 49.00 66.00 47.00 40.00 51.00 54.00 71.00 83.00 45.00 76.00 65.00 6.00 82.00 34.00 25.00 68.00 50.00 55.00 89.00 70.00 16.00 15.00 36.00 110.00 70.00 95.00 75.00 7.00 89.00 0.00 61.00 70.00 71.00 13.00 19.00 34.00 10.00 101.00 94.00 57.00 55.00 67.00 76.00 103.00 101.00 24.00 80.00 79.00 43.00 58.00 51.00 36.00 79.00 83.00 67.00 29.00 35.00 12.00 60.00 93.00 88.00 18.00 74.00 65.00 22.00 75.00 77.00 2.00 6.00
69.00 13.00 6.00 14.00 46.00 21.00 10.00 13.00 43.00 50.00 82.00 50.00 64.00 22.00 36.00 65.00 34.00 13.00 20.00 29.00 47.00 45.00 60.00 33.00 70.00 17.00 47.00 16.00 66.00 31.00 61.00 0.00 59.00 48.00 62.00 71.00 60.00 53.00 66.00 54.00 21.00 13.00 29.00 23.00 63.00 53.00 59.00 78.00 25.00 58.00 68.00 51.00 39.00 69.00 33.00 73.00 36.00 60.00 49.00 54.00 56.00 70.00 42.00 96.00 78.00 39.00 75.00 27.00 59.00 67.00
60.00 62.00 59.00 54.00 30.00 40.00 65.00 70.00 34.00 25.00 25.00 10.00 69.00 64.00 75.00 52.00 28.00 50.00 75.00 68.00 14.00 59.00 57.00 73.00 49.00 77.00 47.00 71.00 70.00 63.00 70.00 59.00 0.00 14.00 81.00 64.00 40.00 61.00 38.00 37.00 38.00 47.00 33.00 49.00 43.00 50.00 48.00 19.00 84.00 30.00 22.00 19.00 37.00 10.00 92.00 19.00 69.00 39.00 65.00 10.00 33.00 18.00 61.00 46.00 27.00 55.00 16.00 46.00 70.00 75.00
65.00 53.00 47.00 45.00 32.00 31.00 55.00 58.00 20.00 28.00 39.00 8.00 71.00 51.00 69.00 57.00 15.00 41.00 66.00 55.00 1.00 57.00 60.00 67.00 41.00 65.00 34.00 58.00 72.00 49.00 71.00 48.00 14.00 0.00 80.00 69.00 45.00 61.00 31.00 26.00 27.00 37.00 20.00 35.00 34.00 38.00 52.00 33.00 72.00 36.00 33.00 23.00 35.00 21.00 80.00 33.00 64.00 44.00 63.00 17.00 23.00 22.00 59.00 60.00 40.00 53.00 30.00 32.00 71.00 76.00
33.00 49.00 68.00 50.00 51.00 57.00 54.00 71.00 91.00 56.00 89.00 75.00 18.00 84.00 29.00 38.00 75.00 53.00 52.00 91.00 80.00 23.00 28.00 32.00 118.00 68.00 101.00 75.00 19.00 92.00 13.00 62.00 81.00 80.00 0.00 31.00 47.00 21.00 110.00 101.00 63.00 59.00 74.00 80.00 111.00 107.00 37.00 92.00 77.00 55.00 71.00 62.00 45.00 90.00 79.00 80.00 27.00 47.00 17.00 71.00 101.00 99.00 23.00 87.00 78.00 28.00 87.00 82.00 12.00 14.00
4.00 61.00 76.00 57.00 37.00 57.00 66.00 83.00 85.00 41.00 64.00 61.00 13.00 91.00 50.00 13.00 69.00 59.00 70.00 98.00 68.00 28.00 11.00 52.00 110.00 83.00 97.00 87.00 12.00 97.00 19.00 71.00 64.00 69.00 31.00 0.00 25.00 20.00 99.00 94.00 62.00 63.00 70.00 82.00 102.00 103.00 17.00 70.00 93.00 35.00 48.00 46.00 38.00 72.00 97.00 57.00 45.00 25.00 27.00 54.00 92.00 82.00 31.00 58.00 53.00 33.00 65.00 82.00 21.00 18.00
21.00 54.00 64.00 48.00 16.00 41.00 59.00 73.00 63.00 17.00 42.00 37.00 31.00 77.00 54.00 12.00 49.00 47.00 66.00 83.00 45.00 30.00 20.00 54.00 86.00 76.00 76.00 76.00 32.00 80.00 34.00 60.00 40.00 45.00 47.00 25.00 0.00 27.00 75.00 71.00 45.00 49.00 50.00 65.00 79.00 81.00 10.00 46.00 85.00 10.00 24.00 22.00 22.00 47.00 91.00 33.00 47.00 1.00 34.00 30.00 68.00 57.00 34.00 43.00 31.00 31.00 41.00 64.00 35.00 38.00
19.00 42.00 58.00 39.00 30.00 42.00 47.00 64.00 73.00 36.00 68.00 55.00 11.00 74.00 31.00 21.00 58.00 42.00 50.00 81.00 60.00 8.00 11.00 32.00 100.00 64.00 85.00 68.00 13.00 81.00 10.00 53.00 61.00 61.00 21.00 20.00 27.00 0.00 91.00 84.00 48.00 47.00 57.00 67.00 93.00 91.00 17.00 71.00 74.00 34.00 50.00 42.00 26.00 70.00 77.00 59.00 25.00 27.00 8.00 51.00 83.00 79.00 12.00 69.00 58.00 14.00 66.00 68.00 9.00 16.00
95.00 75.00 61.00 68.00 62.00 55.00 75.00 71.00 22.00 59.00 57.00 38.00 101.00 57.00 95.00 87.00 36.00 64.00 85.00 57.00 31.00 87.00 91.00 92.00 11.00 79.00 24.00 69.00 103.00 50.00 101.00 66.00 38.00 31.00 110.00 99.00 75.00 91.00 0.00 12.00 50.00 58.00 39.00 44.00 7.00 22.00 83.00 48.00 83.00 66.00 59.00 54.00 65.00 36.00 91.00 56.00 91.00 75.00 93.00 46.00 9.00 26.00 87.00 81.00 64.00 82.00 49.00 40.00 101.00 107.00
90.00 64.00 49.00 57.00 56.00 45.00 63.00 59.00 11.00 54.00 59.00 34.00 94.00 45.00 85.00 82.00 26.00 53.00 74.00 45.00 26.00 78.00 84.00 81.00 17.00 67.00 13.00 57.00 96.00 38.00 94.00 54.00 37.00 26.00 101.00 94.00 71.00 84.00 12.00 0.00 39.00 47.00 28.00 32.00 9.00 14.00 77.00 51.00 71.00 62.00 58.00 49.00 58.00 38.00 79.00 56.00 81.00 70.00 84.00 43.00 5.00 31.00 79.00 83.00 64.00 73.00 51.00 28.00 93.00 99.00
59.00 26.00 21.00 18.00 30.00 6.00 27.00 33.00 28.00 31.00 60.00 28.00 59.00 32.00 45.00 53.00 14.00 14.00 38.00 38.00 26.00 41.00 52.00 42.00 57.00 39.00 38.00 34.00 61.00 35.00 57.00 21.00 38.00 27.00 63.00 62.00 45.00 48.00 50.00 39.00 0.00 9.00 11.00 20.00 49.00 44.00 47.00 57.00 46.00 40.00 48.00 31.00 25.00 47.00 54.00 52.00 41.00 44.00 47.00 33.00 40.00 49.00 41.00 77.00 57.00 35.00 53.00 20.00 56.00 64.00
60.00 17.00 14.00 11.00 34.00 9.00 18.00 25.00 35.00 37.00 69.00 37.00 58.00 28.00 38.00 55.00 23.00 6.00 29.00 35.00 36.00 39.00 52.00 35.00 64.00 30.00 43.00 27.00 60.00 34.00 55.00 13.00 47.00 37.00 59.00 63.00 49.00 47.00 58.00 47.00 9.00 0.00 19.00 21.00 56.00 49.00 49.00 66.00 38.00 46.00 55.00 38.00 28.00 56.00 45.00 60.00 35.00 48.00 44.00 42.00 48.00 59.00 38.00 84.00 65.00 33.00 62.00 23.00 54.00 62.00
66.00 36.00 27.00 29.00 34.00 17.00 37.00 38.00 17.00 34.00 57.00 23.00 68.00 32.00 56.00 59.00 4.00 25.00 48.00 37.00 19.00 51.00 60.00 53.00 45.00 46.00 28.00 39.00 70.00 32.00 67.00 29.00 33.00 20.00 74.00 70.00 50.00 57.00 39.00 28.00 11.00 19.00 0.00 17.00 38.00 34.00 54.00 52.00 52.00 43.00 47.00 32.00 32.00 40.00 60.00 50.00 52.00 49.00 57.00 31.00 29.00 41.00 51.00 76.00 56.00 45.00 49.00 15.00 66.00 73.00
79.00 35.00 18.00 31.00 49.00 26.00 33.00 27.00 23.00 50.00 73.00 40.00 78.00 16.00 58.00 73.00 21.00 27.00 43.00 20.00 35.00 60.00 72.00 55.00 47.00 35.00 24.00 25.00 80.00 15.00 76.00 23.00 49.00 35.00 80.00 82.00 65.00 67.00 44.00 32.00 20.00 21.00 17.00 0.00 40.00 30.00 67.00 68.00 39.00 59.00 64.00 48.00 45.00 56.00 47.00 67.00 56.00 64.00 65.00 48.00 35.00 54.00 59.00 93.00 73.00 54.00 65.00 4.00 75.00 82.00
98.00 73.00 58.00 67.00 65.00 55.00 72.00 67.00 21.00 62.00 63.00 42.00 103.00 52.00 94.00 90.00 36.00 62.00 83.00 51.00 34.00 88.00 93.00 91.00 8.00 75.00 18.00 65.00 104.00 44.00 103.00 63.00 43.00 34.00 111.00 102.00 79.00 93.00 7.00 9.00 49.00 56.00 38.00 40.00 0.00 15.00 85.00 54.00 78.00 69.00 64.00 57.00 67.00 42.00 86.00 61.00 90.00 78.00 93.00 50.00 10.00 33.00 88.00 87.00 69.00 82.00 55.00 36.00 102.00 108.00
99.00 65.00 48.00 60.00 66.00 50.00 63.00 55.00 19.00 64.00 73.00 46.00 102.00 39.00 87.00 92.00 34.00 55.00 73.00 37.00 38.00 85.00 93.00 84.00 19.00 63.00 6.00 53.00 104.00 30.00 101.00 53.00 50.00 38.00 107.00 103.00 81.00 91.00 22.00 14.00 44.00 49.00 34.00 30.00 15.00 0.00 87.00 65.00 65.00 73.00 71.00 60.00 66.00 52.00 73.00 70.00 84.00 80.00 90.00 55.00 19.00 45.00 85.00 96.00 77.00 79.00 65.00 27.00 100.00 107.00
13.00 51.00 63.00 45.00 21.00 42.00 56.00 71.00 68.00 24.00 52.00 45.00 21.00 77.00 46.00 6.00 53.00 46.00 61.00 84.00 52.00 22.00 9.00 47.00 93.00 73.00 81.00 74.00 22.00 82.00 24.00 59.00 48.00 52.00 37.00 17.00 10.00 17.00 83.00 77.00 47.00 49.00 54.00 67.00 85.00 87.00 0.00 56.00 82.00 19.00 34.00 30.00 22.00 57.00 88.00 43.00 40.00 10.00 25.00 38.00 75.00 66.00 26.00 51.00 41.00 24.00 51.00 67.00 25.00 28.00
66.00 80.00 78.00 72.00 43.00 58.00 83.00 89.00 51.00 37.00 9.00 29.00 77.00 83.00 91.00 57.00 47.00 69.00 93.00 87.00 33.00 71.00 65.00 89.00 59.00 96.00 63.00 90.00 78.00 81.00 80.00 78.00 19.00 33.00 92.00 70.00 46.00 71.00 48.00 51.00 57.00 66.00 52.00 68.00 54.00 65.00 56.00 0.00 103.00 37.00 22.00 32.00 51.00 13.00 111.00 13.00 84.00 46.00 77.00 25.00 47.00 22.00 74.00 33.00 19.00 69.00 5.00 64.00 80.00 83.00
91.00 32.00 25.00 38.00 72.00 47.00 27.00 14.00 62.00 75.00 107.00 74.00 84.00 26.00 48.00 88.00 56.00 38.00 25.00 29.00 71.00 66.00 82.00 45.00 84.00 9.00 60.00 14.00 86.00 36.00 79.00 25.00 84.00 72.00 77.00 93.00 85.00 74.00 83.00 71.00 46.00 38.00 52.00 39.00 78.00 65.00 82.00 103.00 0.00 83.00 93.00 76.00 64.00 92.00 8.00 98.00 51.00 84.00 68.00 80.00 74.00 92.00 62.00 122.00 103.00 60.00 99.00 43.00 77.00 85.00
30.00 54.00 60.00 46.00 11.00 37.00 58.00 70.00 54.00 9.00 34.00 28.00 40.00 72.00 57.00 22.00 41.00 45.00 66.00 78.00 35.00 35.00 29.00 56.00 76.00 74.00 68.00 73.00 41.00 74.00 43.00 58.00 30.00 36.00 55.00 35.00 10.00 34.00 66.00 62.00 40.00 46.00 43.00 59.00 69.00 73.00 19.00 37.00 83.00 0.00 16.00 13.00 20.00 37.00 89.00 25.00 51.00 9.00 40.00 20.00 59.00 48.00 38.00 40.00 25.00 34.00 32.00 57.00 43.00 47.00
44.00 66.00 69.00 58.00 25.00 47.00 70.00 80.00 53.00 19.00 18.00 25.00 55.00 78.00 73.00 35.00 44.00 56.00 79.00 84.00 33.00 51.00 44.00 71.00 71.00 85.00 67.00 82.00 56.00 79.00 58.00 68.00 22.00 33.00 71.00 48.00 24.00 50.00 59.00 58.00 48.00 55.00 47.00 64.00 64.00 71.00 34.00 22.00 93.00 16.00 0.00 17.00 34.00 26.00 100.00 9.00 66.00 24.00 56.00 16.00 55.00 37.00 54.00 29.00 10.00 50.00 17.00 61.00 59.00 62.00
42.00 50.00 52.00 41.00 11.00 30.00 53.00 63.00 42.00 6.00 32.00 15.00 50.00 62.00 58.00 34.00 29.00 39.00 63.00 68.00 23.00 40.00 38.00 57.00 64.00 68.00 55.00 65.00 51.00 64.00 51.00 51.00 19.00 23.00 62.00 46.00 22.00 42.00 54.00 49.00 31.00 38.00 32.00 48.00 57.00 60.00 30.00 32.00 76.00 13.00 17.00 0.00 19.00 28.00 83.00 23.00 52.00 21.00 46.00 9.00 47.00 37.00 42.00 46.00 27.00 37.00 27.00 46.00 51.00 56.00
34.00 34.00 42.00 26.00 9.00 20.00 38.00 51.00 48.00 15.00 51.00 30.00 36.00 56.00 39.00 28.00 32.00 26.00 46.00 62.00 34.00 22.00 27.00 38.00 74.00 55.00 60.00 54.00 38.00 60.00 36.00 39.00 37.00 35.00 45.00 38.00 22.00 26.00 65.00 58.00 25.00 28.00 32.00 45.00 67.00 66.00 22.00 51.00 64.00 20.00 34.00 19.00 0.00 47.00 70.00 41.00 33.00 21.00 28.00 27.00 57.00 54.00 24.00 60.00 43.00 18.00 46.00 45.00 35.00 42.00
68.00 72.00 67.00 63.00 40.00 49.00 74.00 79.00 38.00 34.00 21.00 19.00 77.00 72.00 85.00 59.00 36.00 60.00 85.00 75.00 22.00 68.00 66.00 83.00 47.00 85.00 50.00 79.00 78.00 69.00 79.00 69.00 10.00 21.00 90.00 72.00 47.00 70.00 36.00 38.00 47.00 56.00 40.00 56.00 42.00 52.00 57.00 13.00 92.00 37.00 26.00 28.00 47.00 0.00 100.00 20.00 79.00 47.00 74.00 20.00 34.00 11.00 71.00 45.00 28.00 65.00 13.00 52.00 79.00 84.00
95.00 37.00 33.00 44.00 78.00 54.00 32.00 21.00 70.00 82.00 114.00 82.00 87.00 34.00 50.00 93.00 64.00 45.00 28.00 36.00 79.00 70.00 87.00 47.00 92.00 16.00 68.00 22.00 89.00 43.00 83.00 33.00 92.00 80.00 79.00 97.00 91.00 77.00 91.00 79.00 54.00 45.00 60.00 47.00 86.00 73.00 88.00 111.00 8.00 89.00 100.00 83.00 70.00 100.00 0.00 106.00 54.00 90.00 71.00 87.00 82.00 100.00 66.00 129.00 110.00 65.00 107.00 51.00 80.00 88.00
53.00 73.00 74.00 64.00 33.00 52.00 76.00 85.00 53.00 27.00 9.00 26.00 65.00 82.00 81.00 44.00 46.00 62.00 86.00 86.00 33.00 60.00 53.00 80.00 67.00 90.00 66.00 86.00 65.00 81.00 67.00 73.00 19.00 33.00 80.00 57.00 33.00 59.00 56.00 56.00 52.00 60.00 50.00 67.00 61.00 70.00 43.00 13.00 98.00 25.00 9.00 23.00 41.00 20.00 106.00 0.00 74.00 33.00 65.00 19.00 52.00 31.00 63.00 27.00 8.00 58.00 8.00 64.00 68.00 71.00
44.00 23.00 42.00 25.00 42.00 35.00 27.00 44.00 70.00 48.00 84.00 61.00 34.00 58.00 7.00 45.00 55.00 29.00 26.00 65.00 63.00 18.00 36.00 7.00 98.00 42.00 78.00 49.00 36.00 66.00 29.00 36.00 69.00 64.00 27.00 45.00 47.00 25.00 91.00 81.00 41.00 35.00 52.00 56.00 90.00 84.00 40.00 84.00 51.00 51.00 66.00 52.00 33.00 79.00 54.00 74.00 0.00 47.00 18.00 60.00 81.00 85.00 14.00 89.00 75.00 17.00 79.00 58.00 27.00 34.00
21.00 54.00 63.00 47.00 15.00 40.00 58.00 72.00 62.00 16.00 41.00 36.00 32.00 76.00 53.00 13.00 48.00 47.00 65.00 82.00 44.00 29.00 20.00 53.00 85.00 75.00 75.00 75.00 32.00 79.00 35.00 60.00 39.00 44.00 47.00 25.00 1.00 27.00 75.00 70.00 44.00 48.00 49.00 64.00 78.00 80.00 10.00 46.00 84.00 9.00 24.00 21.00 21.00 47.00 90.00 33.00 47.00 0.00 34.00 29.00 68.00 57.00 33.00 43.00 31.00 30.00 40.00 63.00 35.00 38.00
26.00 37.00 54.00 35.00 34.00 40.00 42.00 59.00 74.00 40.00 74.00 58.00 16.00 70.00 24.00 28.00 58.00 38.00 43.00 77.00 62.00 6.00 18.00 25.00 101.00 58.00 84.00 63.00 18.00 77.00 12.00 49.00 65.00 63.00 17.00 27.00 34.00 8.00 93.00 84.00 47.00 44.00 57.00 65.00 93.00 90.00 25.00 77.00 68.00 40.00 56.00 46.00 28.00 74.00 71.00 65.00 18.00 34.00 0.00 54.00 84.00 82.00 6.00 76.00 64.00 11.00 71.00 66.00 10.00 18.00
50.00 55.00 54.00 47.00 20.00 34.00 58.00 66.00 37.00 15.00 27.00 9.00 59.00 63.00 66.00 42.00 27.00 44.00 68.00 68.00 17.00 49.00 47.00 64.00 57.00 72.00 51.00 67.00 60.00 63.00 60.00 54.00 10.00 17.00 71.00 54.00 30.00 51.00 46.00 43.00 33.00 42.00 31.00 48.00 50.00 55.00 38.00 25.00 80.00 20.00 16.00 9.00 27.00 20.00 87.00 19.00 60.00 29.00 54.00 0.00 40.00 28.00 51.00 45.00 25.00 46.00 21.00 45.00 60.00 65.00
88.00 65.00 52.00 59.00 55.00 46.00 65.00 62.00 13.00 51.00 55.00 31.00 93.00 49.00 85.00 80.00 26.00 54.00 76.00 50.00 24.00 78.00 83.00 82.00 18.00 70.00 18.00 61.00 94.00 42.00 93.00 56.00 33.00 23.00 101.00 92.00 68.00 83.00 9.00 5.00 40.00 48.00 29.00 35.00 10.00 19.00 75.00 47.00 74.00 59.00 55.00 47.00 57.00 34.00 82.00 52.00 81.00 68.00 84.00 40.00 0.00 26.00 78.00 78.00 60.00 73.00 47.00 31.00 92.00 98.00
78.00 75.00 68.00 67.00 48.00 53.00 77.00 79.00 33.00 43.00 31.00 25.00 87.00 70.00 91.00 69.00 36.00 63.00 88.00 72.00 23.00 76.00 75.00 88.00 37.00 86.00 44.00 79.00 88.00 65.00 88.00 70.00 18.00 22.00 99.00 82.00 57.00 79.00 26.00 31.00 49.00 59.00 41.00 54.00 33.00 45.00 66.00 22.00 92.00 48.00 37.00 37.00 54.00 11.00 100.00 31.00 85.00 57.00 82.00 28.00 26.00 0.00 78.00 55.00 39.00 72.00 24.00 50.00 88.00 93.00
30.00 31.00 48.00 29.00 31.00 34.00 36.00 53.00 68.00 37.00 72.00 53.00 22.00 64.00 21.00 30.00 52.00 32.00 38.00 71.00 58.00 4.00 22.00 21.00 96.00 53.00 78.00 57.00 24.00 71.00 18.00 42.00 61.00 59.00 23.00 31.00 34.00 12.00 87.00 79.00 41.00 38.00 51.00 59.00 88.00 85.00 26.00 74.00 62.00 38.00 54.00 42.00 24.00 71.00 66.00 63.00 14.00 33.00 6.00 51.00 78.00 78.00 0.00 76.00 63.00 6.00 69.00 60.00 16.00 25.00
55.00 94.00 98.00 86.00 51.00 75.00 98.00 109.00 80.00 47.00 24.00 53.00 69.00 107.00 96.00 49.00 72.00 84.00 106.00 112.00 60.00 72.00 59.00 96.00 92.00 113.00 93.00 110.00 69.00 107.00 74.00 96.00 46.00 60.00 87.00 58.00 43.00 69.00 81.00 83.00 77.00 84.00 76.00 93.00 87.00 96.00 51.00 33.00 122.00 40.00 29.00 46.00 60.00 45.00 129.00 27.00 89.00 43.00 76.00 45.00 78.00 55.00 76.00 0.00 20.00 73.00 32.00 90.00 75.00 75.00
49.00 76.00 79.00 68.00 34.00 57.00 80.00 90.00 60.00 29.00 12.00 33.00 62.00 88.00 82.00 41.00 52.00 66.00 89.00 93.00 41.00 60.00 50.00 81.00 75.00 95.00 74.00 91.00 62.00 88.00 65.00 78.00 27.00 40.00 78.00 53.00 31.00 58.00 64.00 64.00 57.00 65.00 56.00 73.00 69.00 77.00 41.00 19.00 103.00 25.00 10.00 27.00 43.00 28.00 110.00 8.00 75.00 31.00 64.00 25.00 60.00 39.00 63.00 20.00 0.00 59.00 16.00 70.00 66.00 68.00
31.00 29.00 44.00 25.00 26.00 29.00 34.00 50.00 62.00 32.00 68.00 48.00 25.00 60.00 23.00 29.00 47.00 28.00 38.00 67.00 52.00 6.00 22.00 23.00 90.00 51.00 73.00 54.00 27.00 67.00 22.00 39.00 55.00 53.00 28.00 33.00 31.00 14.00 82.00 73.00 35.00 33.00 45.00 54.00 82.00 79.00 24.00 69.00 60.00 34.00 50.00 37.00 18.00 65.00 65.00 58.00 17.00 30.00 11.00 46.00 73.00 72.00 6.00 73.00 59.00 0.00 64.00 55.00 21.00 29.00
61.00 76.00 74.00 67.00 38.00 54.00 79.00 86.00 49.00 32.00 9.00 25.00 72.00 81.00 86.00 52.00 45.00 64.00 89.00 85.00 31.00 66.00 60.00 84.00 60.00 92.00 62.00 87.00 73.00 79.00 75.00 75.00 16.00 30.00 87.00 65.00 41.00 66.00 49.00 51.00 53.00 62.00 49.00 65.00 55.00 65.00 51.00 5.00 99.00 32.00 17.00 27.00 46.00 13.00 107.00 8.00 79.00 40.00 71.00 21.00 47.00 24.00 69.00 32.00 16.00 64.00 0.00 62.00 75.00 78.00
79.00 38.00 21.00 33.00 48.00 26.00 36.00 31.00 18.00 48.00 70.00 37.00 79.00 19.00 60.00 73.00 18.00 29.00 46.00 23.00 31.00 61.00 72.00 57.00 43.00 39.00 21.00 30.00 81.00 17.00 77.00 27.00 46.00 32.00 82.00 82.00 64.00 68.00 40.00 28.00 20.00 23.00 15.00 4.00 36.00 27.00 67.00 64.00 43.00 57.00 61.00 46.00 45.00 52.00 51.00 64.00 58.00 63.00 66.00 45.00 31.00 50.00 60.00 90.00 70.00 55.00 62.00 0.00 76.00 83.00
21.00 47.00 65.00 45.00 40.00 50.00 52.00 69.00 82.00 45.00 77.00 64.00 8.00 80.00 31.00 26.00 67.00 48.00 53.00 88.00 70.00 15.00 16.00 34.00 110.00 68.00 93.00 73.00 9.00 88.00 2.00 59.00 70.00 71.00 12.00 21.00 35.00 9.00 101.00 93.00 56.00 54.00 66.00 75.00 102.00 100.00 25.00 80.00 77.00 43.00 59.00 51.00 35.00 79.00 80.00 68.00 27.00 35.00 10.00 60.00 92.00 88.00 16.00 75.00 66.00 21.00 75.00 76.00 0.00 8.00
20.00 55.00 73.00 53.00 45.00 57.00 60.00 77.00 89.00 50.00 79.00 70.00 6.00 88.00 39.00 27.00 74.00 56.00 61.00 96.00 76.00 22.00 18.00 41.00 116.00 76.00 101.00 81.00 6.00 96.00 6.00 67.00 75.00 76.00 14.00 18.00 38.00 16.00 107.00 99.00 64.00 62.00 73.00 82.00 108.00 107.00 28.00 83.00 85.00 47.00 62.00 56.00 42.00 84.00 88.00 71.00 34.00 38.00 18.00 65.00 98.00 93.00 25.00 75.00 68.00 29.00 78.00 83.00 8.00 0.00
